image_width: 1280
image_height: 1024
camera_name: 0
camera_matrix:
  rows: 3
  cols: 3
  data: [1576.053406267252, 0, 673.756949133325, 0, 1577.833537260998, 525.9948354597871, 0, 0, 1]
distortion_model: plumb_bob
distortion_coefficients:
  rows: 1
  cols: 5
  data: [-0.09859002444253122, 0.1166362285586366, 0.000803022731172339, 0.002239050979780254, 0]
rectification_matrix:
  rows: 3
  cols: 3
  data: [1, 0, 0, 0, 1, 0, 0, 0, 1]
projection_matrix:
  rows: 3
  cols: 4
  data: [1553.17138671875, 0, 675.7501374636922, 0, 0, 1561.462890625, 526.1248292564997, 0, 0, 0, 1, 0]
