<?xml version="1.0" encoding="UTF-8"?>
<opencv_storage>
  <Rig>
    <Cameras>
      <_>
        <Intrinsics>
          <resolution>
            <width>640</width>
            <height>480</height>
          </resolution>
          <intrinsic_mat type_id="opencv-matrix">
            <rows>3</rows>
            <cols>3</cols>
            <dt>d</dt>
            <data> 574.0173124 0. 317.8839631 0. 576.71937652 246.68910037 0. 0. 1. </data>
          </intrinsic_mat>
          <distortion_coeffs type_id="opencv-matrix">
            <rows>5</rows>
            <cols>1</cols>
            <dt>d</dt>
            <data> -6.86755618e-02 2.75992270e-01 5.85997158e-04 1.07714359e-04 -5.17123171e-01</data>
          </distortion_coeffs>
          <error>0.18903644359911445</error>
          <time>5.0918519496917725</time>
          <calibration_image_count>42</calibration_image_count>
        </Intrinsics>
      </_>
      <_>
        <Intrinsics>
          <resolution>
            <width>640</width>
            <height>480</height>
          </resolution>
          <intrinsic_mat type_id="opencv-matrix">
            <rows>3</rows>
            <cols>3</cols>
            <dt>d</dt>
            <data> 534.86716441 0. 322.57308866 0. 537.59001022 246.28299245 0. 0. 1. </data>
          </intrinsic_mat>
          <distortion_coeffs type_id="opencv-matrix">
            <rows>5</rows>
            <cols>1</cols>
            <dt>d</dt>
            <data> 0.03909256 -0.12664125 0.00192269 0.00042588 -0.02130302</data>
          </distortion_coeffs>
          <error>0.1921727201843316</error>
          <time>2.9633524417877197</time>
          <calibration_image_count>36</calibration_image_count>
        </Intrinsics>
        <Extrinsics>
          <rotation type_id="opencv-matrix">
            <rows>3</rows>
            <cols>3</cols>
            <dt>d</dt>
            <data> 9.99998942e-01 -1.06291885e-03 -9.92747639e-04 1.06278675e-03 9.99999426e-01 -1.33589891e-04 9.92889065e-04 1.32534671e-04 9.99999498e-01</data>
          </rotation>
          <translation type_id="opencv-matrix">
            <rows>3</rows>
            <cols>1</cols>
            <dt>d</dt>
            <data>-0.02659953 -0.00191708 -0.00131083</data>
          </translation>
          <error>0.6805181720909989</error>
          <time>1.4770827293395996</time>
          <calibration_image_count>32</calibration_image_count>
        </Extrinsics>
      </_>
    </Cameras>
  </Rig>
</opencv_storage>
